>> format long
>> sol = rungkutta_metheorology(0, 1, 0, 0, 0, 365)

RESULTS

sol =

            time             y1 = Ta            y2 = Tm             y3 = Td
                   0                   0                   0                   0
   0.002739726027397   0.005291119900754   0.000034042333939   0.000000000633817
   0.005479452054795   0.009271388299846   0.000124011888306   0.000000004742960
   0.008219178082192   0.012280784262859   0.000255327664409   0.000000014971990
   0.010958904109589   0.014571092821084   0.000417191210561   0.000000033275257
   0.013698630136986   0.016328783423443   0.000601605389855   0.000000061095951
   0.016438356164384   0.017691953479456   0.000802647689804   0.000000099498706
   0.019178082191781   0.018762876570505   0.001015932043043   0.000000149267808
   0.021917808219178   0.019617295524264   0.001238210257344   0.000000210979922
   0.024657534246575   0.020311304768735   0.001467076838850   0.000000285057962
   0.027397260273973   0.020886447331888   0.001700750387233   0.000000371810973
   0.030136986301370   0.021373489626450   0.001937911699231   0.000000471463679
   0.032876712328767   0.021795217016172   0.002177583869813   0.000000584178362
   0.035616438356164   0.022168504183047   0.002419043496354   0.000000710071061
   0.038356164383562   0.022505848419700   0.002661754917371   0.000000849223577
   0.041095890410959   0.022816505169731   0.002905321510421   0.000001001692358
   0.043835616438356   0.023107328997066   0.003149449623824   0.000001167515078
   0.046575342465753   0.023383396399084   0.003393921864884   0.000001346715516
   0.049315068493151   0.023648467055527   0.003638577317411   0.000001539307163
   0.052054794520548   0.023905325424632   0.003883296891039   0.000001745295895
   0.054794520547945   0.024156033725670   0.004127992471070   0.000001964681956
   0.057534246575342   0.024402119295170   0.004372598882973   0.000002197461421
   0.060273972602740   0.024644713340993   0.004617067941366   0.000002443627282
   0.063013698630137   0.024884653702144   0.004861364042762   0.000002703170255
   0.065753424657534   0.025122560951623   0.005105460901598   0.000002976079372
   0.068493150684932   0.025358894757404   0.005349339132977   0.000003262342427
   0.071232876712329   0.025593995622783   0.005592984462463   0.000003561946297
   0.073972602739726   0.025828115798852   0.005836386400286   0.000003874877187
   0.076712328767123   0.026061442177948   0.006079537259464   0.000004201120809
   0.079452054794521   0.026294113248306   0.006322431428634   0.000004540662515
   0.082191780821918   0.026526231650501   0.006565064833524   0.000004893487393
   0.084931506849315   0.026757873476612   0.006807434538120   0.000005259580342
   0.087671232876712   0.026989095157092   0.007049538449298   0.000005638926126
   0.090410958904110   0.027219938561107   0.007291375098075   0.000006031509412
   0.093150684931507   0.027450434773799   0.007532943477606   0.000006437314802
   0.095890410958904   0.027680606893683   0.007774242923208   0.000006856326852
   0.098630136986301   0.027910472104374   0.008015273023506   0.000007288530090
   0.101369863013699   0.028140043208886   0.008256033554630   0.000007733909029
   0.104109589041096   0.028369329765913   0.008496524431480   0.000008192448173
   0.106849315068493   0.028598338931355   0.008736745671637   0.000008664132026
   0.109589041095890   0.028827076081535   0.008976697368629   0.000009148945096
   0.112328767123288   0.029055545274757   0.009216379672141   0.000009646871899
   0.115068493150685   0.029283749593121   0.009455792773354   0.000010157896959
   0.117808219178082   0.029511691395674   0.009694936894087   0.000010682004816
   0.120547945205479   0.029739372505888   0.009933812278756   0.000011219180019
   0.123287671232877   0.029966794350509   0.010172419188421   0.000011769407137
   0.126027397260274   0.030193958062380   0.010410757896378   0.000012332670749
   0.128767123287671   0.030420864556597   0.010648828684888   0.000012908955455
   0.131506849315069   0.030647514586909   0.010886631842764   0.000013498245868
   0.134246575342466   0.030873908787480   0.011124167663577   0.000014100526619
   0.136986301369863   0.031100047703829   0.011361436444330   0.000014715782357
   0.139726027397260   0.031325931815733   0.011598438484478   0.000015343997747
   0.142465753424658   0.031551561554198   0.011835174085198   0.000015985157472
   0.145205479452055   0.031776937314021   0.012071643548851   0.000016639246231
   0.147945205479452   0.032002059463098   0.012307847178585   0.000017306248743
   0.150684931506849   0.032226928349313   0.012543785278040   0.000017986149741
   0.153424657534247   0.032451544305644   0.012779458151125   0.000018678933978
   0.156164383561644   0.032675907653941   0.013014866101864   0.000019384586225
   0.158904109589041   0.032900018707731   0.013250009434268   0.000020103091268
   0.161643835616438   0.033123877774284   0.013484888452254   0.000020834433913
   0.164383561643836   0.033347485156154   0.013719503459572   0.000021578598981
   0.167123287671233   0.033570841152315   0.013953854759765   0.000022335571313
   0.169863013698630   0.033793946059002   0.014187942656127   0.000023105335765
   0.172602739726027   0.034016800170338   0.014421767451678   0.000023887877213
   0.175342465753425   0.034239403778793   0.014655329449145   0.000024683180549
   0.178082191780822   0.034461757175529   0.014888628950951   0.000025491230681
   0.180821917808219   0.034683860650651   0.015121666259199   0.000026312012538
   0.183561643835616   0.034905714493400   0.015354441675666   0.000027145511062
   0.186301369863014   0.035127318992284   0.015586955501800   0.000027991711217
   0.189041095890411   0.035348674435191   0.015819208038715   0.000028850597981
   0.191780821917808   0.035569781109458   0.016051199587186   0.000029722156349
   0.194520547945205   0.035790639301932   0.016282930447648   0.000030606371336
   0.197260273972603   0.036011249299009   0.016514400920196   0.000031503227973
   0.200000000000000   0.036231611386668   0.016745611304584   0.000032412711308
   0.202739726027397   0.036451725850495   0.016976561900221   0.000033334806406
   0.205479452054795   0.036671592975696   0.017207253006175   0.000034269498349
   0.208219178082192   0.036891213047116   0.017437684921170   0.000035216772237
   0.210958904109589   0.037110586349242   0.017667857943589   0.000036176613188
   0.213698630136986   0.037329713166216   0.017897772371469   0.000037149006334
   0.216438356164384   0.037548593781837   0.018127428502508   0.000038133936829
   0.219178082191781   0.037767228479567   0.018356826634058   0.000039131389839
   0.221917808219178   0.037985617542533   0.018585967063131   0.000040141350550
   0.224657534246575   0.038203761253531   0.018814850086397   0.000041163804166
   0.227397260273973   0.038421659895026   0.019043476000183   0.000042198735904
   0.230136986301370   0.038639313749154   0.019271845100476   0.000043246131002
   0.232876712328767   0.038856723097724   0.019499957682922   0.000044305974714
   0.235616438356164   0.039073888222219   0.019727814042827   0.000045378252310
   0.238356164383562   0.039290809403797   0.019955414475155   0.000046462949077
   0.241095890410959   0.039507486923289   0.020182759274533   0.000047560050321
   0.243835616438356   0.039723921061204   0.020409848735246   0.000048669541363
   0.246575342465753   0.039940112097726   0.020636683151243   0.000049791407540
   0.249315068493151   0.040156060312717   0.020863262816130   0.000050925634209
   0.252054794520548   0.040371765985714   0.021089588023180   0.000052072206742
   0.254794520547945   0.040587229395936   0.021315659065324   0.000053231110527
   0.257534246575342   0.040802450822275   0.021541476235159   0.000054402330971
   0.260273972602740   0.041017430543307   0.021767039824941   0.000055585853496
   0.263013698630137   0.041232168837281   0.021992350126592   0.000056781663542
   0.265753424657534   0.041446665982132   0.022217407431699   0.000057989746565
   0.268493150684932   0.041660922255469   0.022442212031510   0.000059210088038
   0.271232876712329   0.041874937934585   0.022666764216938   0.000060442673450
   0.273972602739726   0.042088713296451   0.022891064278564   0.000061687488310
   0.276712328767123   0.042302248617721   0.023115112506630   0.000062944518139
   0.279452054794521   0.042515544174730   0.023338909191047   0.000064213748478
   0.282191780821918   0.042728600243493   0.023562454621391   0.000065495164883
   0.284931506849315   0.042941417099709   0.023785749086903   0.000066788752927
   0.287671232876712   0.043153995018758   0.024008792876492   0.000068094498201
   0.290410958904110   0.043366334275703   0.024231586278735   0.000069412386310
   0.293150684931507   0.043578435145292   0.024454129581876   0.000070742402879
   0.295890410958904   0.043790297901953   0.024676423073826   0.000072084533546
   0.298630136986301   0.044001922819802   0.024898467042166   0.000073438763968
   0.301369863013699   0.044213310172635   0.025120261774144   0.000074805079817
   0.304109589041096   0.044424460233937   0.025341807556678   0.000076183466783
   0.306849315068493   0.044635373276874   0.025563104676356   0.000077573910572
   0.309589041095890   0.044846049574299   0.025784153419435   0.000078976396905
   0.312328767123288   0.045056489398752   0.026004954071842   0.000080390911522
   0.315068493150685   0.045266693022457   0.026225506919177   0.000081817440177
   0.317808219178082   0.045476660717325   0.026445812246707   0.000083255968643
   0.320547945205479   0.045686392754954   0.026665870339374   0.000084706482706
   0.323287671232877   0.045895889406630   0.026885681481791   0.000086168968172
   0.326027397260274   0.046105150943325   0.027105245958241   0.000087643410860
   0.328767123287671   0.046314177635699   0.027324564052681   0.000089129796609
   0.331506849315069   0.046522969754101   0.027543636048742   0.000090628111272
   0.334246575342466   0.046731527568570   0.027762462229728   0.000092138340717
   0.336986301369863   0.046939851348829   0.027981042878614   0.000093660470831
   0.339726027397260   0.047147941364297   0.028199378278051   0.000095194487517
   0.342465753424658   0.047355797884076   0.028417468710366   0.000096740376693
   0.345205479452055   0.047563421176964   0.028635314457559   0.000098298124293
   0.347945205479452   0.047770811511445   0.028852915801304   0.000099867716268
   0.350684931506849   0.047977969155695   0.029070273022952   0.000101449138586
   0.353424657534247   0.048184894377582   0.029287386403530   0.000103042377230
   0.356164383561644   0.048391587444665   0.029504256223742   0.000104647418199
   0.358904109589041   0.048598048624195   0.029720882763967   0.000106264247508
   0.361643835616438   0.048804278183113   0.029937266304261   0.000107892851191
   0.364383561643836   0.049010276388056   0.030153407124359   0.000109533215294
   0.367123287671233   0.049216043505352   0.030369305503673   0.000111185325881
   0.369863013698630   0.049421579801021   0.030584961721292   0.000112849169032
   0.372602739726027   0.049626885540779   0.030800376055985   0.000114524730843
   0.375342465753425   0.049831960990035   0.031015548786199   0.000116211997427
   0.378082191780822   0.050036806413891   0.031230480190062   0.000117910954911
   0.380821917808219   0.050241422077146   0.031445170545379   0.000119621589440
   0.383561643835616   0.050445808244292   0.031659620129637   0.000121343887172
   0.386301369863014   0.050649965179517   0.031873829220002   0.000123077834286
   0.389041095890411   0.050853893146705   0.032087798093322   0.000124823416971
   0.391780821917808   0.051057592409435   0.032301527026125   0.000126580621436
   0.394520547945205   0.051261063230984   0.032515016294621   0.000128349433905
   0.397260273972603   0.051464305874324   0.032728266174702   0.000130129840618
   0.400000000000000   0.051667320602126   0.032941276941941   0.000131921827829
   0.402739726027397   0.051870107676757   0.033154048871596   0.000133725381810
   0.405479452054795   0.052072667360281   0.033366582238605   0.000135540488848
   0.408219178082192   0.052274999914462   0.033578877317591   0.000137367135247
   0.410958904109589   0.052477105600762   0.033790934382861   0.000139205307324
   0.413698630136986   0.052678984680341   0.034002753708405   0.000141054991415
   0.416438356164384   0.052880637414059   0.034214335567898   0.000142916173869
   0.419178082191781   0.053082064062475   0.034425680234700   0.000144788841053
   0.421917808219178   0.053283264885848   0.034636787981854   0.000146672979348
   0.424657534246575   0.053484240144137   0.034847659082091   0.000148568575152
   0.427397260273973   0.053684990097003   0.035058293807828   0.000150475614877
   0.430136986301370   0.053885515003805   0.035268692431165   0.000152394084953
   0.432876712328767   0.054085815123606   0.035478855223893   0.000154323971824
   0.435616438356164   0.054285890715170   0.035688782457486   0.000156265261950
   0.438356164383562   0.054485742036961   0.035898474403108   0.000158217941806
   0.441095890410959   0.054685369347148   0.036107931331609   0.000160181997883
   0.443835616438356   0.054884772903600   0.036317153513527   0.000162157416689
   0.446575342465753   0.055083952963891   0.036526141219090   0.000164144184746
   0.449315068493151   0.055282909785298   0.036734894718213   0.000166142288592
   0.452054794520548   0.055481643624801   0.036943414280500   0.000168151714780
   0.454794520547945   0.055680154739084   0.037151700175247   0.000170172449878
   0.457534246575342   0.055878443384535   0.037359752671437   0.000172204480472
   0.460273972602740   0.056076509817248   0.037567572037744   0.000174247793161
   0.463013698630137   0.056274354293021   0.037775158542533   0.000176302374560
   0.465753424657534   0.056471977067357   0.037982512453859   0.000178368211301
   0.468493150684932   0.056669378395465   0.038189634039468   0.000180445290029
   0.471232876712329   0.056866558532261   0.038396523566801   0.000182533597405
   0.473972602739726   0.057063517732367   0.038603181302985   0.000184633120107
   0.476712328767123   0.057260256250110   0.038809607514844   0.000186743844827
   0.479452054794521   0.057456774339527   0.039015802468894   0.000188865758273
   0.482191780821918   0.057653072254358   0.039221766431341   0.000190998847167
   0.484931506849315   0.057849150248056   0.039427499668089   0.000193143098248
   0.487671232876712   0.058045008573778   0.039633002444731   0.000195298498269
   0.490410958904110   0.058240647484392   0.039838275026558   0.000197465033999
   0.493150684931507   0.058436067232472   0.040043317678552   0.000199642692221
   0.495890410958904   0.058631268070303   0.040248130665392   0.000201831459736
   0.498630136986301   0.058826250249880   0.040452714251453   0.000204031323358
   0.501369863013699   0.059021014022906   0.040657068700802   0.000206242269916
   0.504109589041096   0.059215559640794   0.040861194277205   0.000208464286256
   0.506849315068493   0.059409887354670   0.041065091244122   0.000210697359236
   0.509589041095890   0.059603997415367   0.041268759864712   0.000212941475734
   0.512328767123288   0.059797890073432   0.041472200401828   0.000215196622638
   0.515068493150685   0.059991565579122   0.041675413118022   0.000217462786854
   0.517808219178082   0.060185024182407   0.041878398275543   0.000219739955303
   0.520547945205479   0.060378266132966   0.042081156136338   0.000222028114920
   0.523287671232877   0.060571291680195   0.042283686962053   0.000224327252657
   0.526027397260274   0.060764101073198   0.042485991014031   0.000226637355478
   0.528767123287671   0.060956694560795   0.042688068553316   0.000228958410364
   0.531506849315069   0.061149072391520   0.042889919840649   0.000231290404312
   0.534246575342466   0.061341234813617   0.043091545136473   0.000233633324331
   0.536986301369863   0.061533182075049   0.043292944700928   0.000235987157448
   0.539726027397260   0.061724914423488   0.043494118793858   0.000238351890704
   0.542465753424658   0.061916432106326   0.043695067674805   0.000240727511153
   0.545205479452055   0.062107735370666   0.043895791603012   0.000243114005866
   0.547945205479452   0.062298824463328   0.044096290837426   0.000245511361930
   0.550684931506849   0.062489699630848   0.044296565636693   0.000247919566443
   0.553424657534247   0.062680361119477   0.044496616259162   0.000250338606522
   0.556164383561644   0.062870809175184   0.044696442962885   0.000252768469295
   0.558904109589041   0.063061044043652   0.044896046005615   0.000255209141909
   0.561643835616438   0.063251065970283   0.045095425644810   0.000257660611523
   0.564383561643836   0.063440875200197   0.045294582137631   0.000260122865312
   0.567123287671233   0.063630471978230   0.045493515740942   0.000262595890464
   0.569863013698630   0.063819856548935   0.045692226711311   0.000265079674183
   0.572602739726027   0.064009029156587   0.045890715305012   0.000267574203689
   0.575342465753425   0.064197990045176   0.046088981778022   0.000270079466215
   0.578082191780822   0.064386739458412   0.046287026386025   0.000272595449009
   0.580821917808219   0.064575277639726   0.046484849384409   0.000275122139335
   0.583561643835616   0.064763604832266   0.046682451028267   0.000277659524469
   0.586301369863014   0.064951721278902   0.046879831572401   0.000280207591705
   0.589041095890411   0.065139627222223   0.047076991271318   0.000282766328348
   0.591780821917808   0.065327322904538   0.047273930379230   0.000285335721721
   0.594520547945205   0.065514808567879   0.047470649150059   0.000287915759160
   0.597260273972603   0.065702084453997   0.047667147837434   0.000290506428016
   0.600000000000000   0.065889150804367   0.047863426694690   0.000293107715653
   0.602739726027397   0.066076007860183   0.048059485974872   0.000295719609453
   0.605479452054795   0.066262655862362   0.048255325930732   0.000298342096809
   0.608219178082192   0.066449095051546   0.048450946814733   0.000300975165131
   0.610958904109589   0.066635325668096   0.048646348879046   0.000303618801841
   0.613698630136986   0.066821347952099   0.048841532375551   0.000306272994379
   0.616438356164384   0.067007162143363   0.049036497555838   0.000308937730196
   0.619178082191781   0.067192768481423   0.049231244671208   0.000311612996760
   0.621917808219178   0.067378167205534   0.049425773972671   0.000314298781552
   0.624657534246575   0.067563358554680   0.049620085710951   0.000316995072067
   0.627397260273973   0.067748342767565   0.049814180136479   0.000319701855817
   0.630136986301370   0.067933120082622   0.050008057499401   0.000322419120326
   0.632876712328767   0.068117690738007   0.050201718049572   0.000325146853132
   0.635616438356164   0.068302054971602   0.050395162036562   0.000327885041790
   0.638356164383562   0.068486213021016   0.050588389709652   0.000330633673866
   0.641095890410959   0.068670165123584   0.050781401317836   0.000333392736944
   0.643835616438356   0.068853911516366   0.050974197109820   0.000336162218620
   0.646575342465753   0.069037452436150   0.051166777334026   0.000338942106504
   0.649315068493151   0.069220788119453   0.051359142238589   0.000341732388221
   0.652054794520548   0.069403918802517   0.051551292071356   0.000344533051410
   0.654794520547945   0.069586844721312   0.051743227079891   0.000347344083726
   0.657534246575342   0.069769566111539   0.051934947511472   0.000350165472836
   0.660273972602740   0.069952083208623   0.052126453613093   0.000352997206421
   0.663013698630137   0.070134396247723   0.052317745631461   0.000355839272179
   0.665753424657534   0.070316505463722   0.052508823813002   0.000358691657819
   0.668493150684931   0.070498411091236   0.052699688403856   0.000361554351065
   0.671232876712329   0.070680113364610   0.052890339649881   0.000364427339657
   0.673972602739726   0.070861612517918   0.053080777796649   0.000367310611348
   0.676712328767123   0.071042908784965   0.053271003089453   0.000370204153904
   0.679452054794521   0.071224002399287   0.053461015773300   0.000373107955106
   0.682191780821918   0.071404893594150   0.053650816092917   0.000376022002749
   0.684931506849315   0.071585582602552   0.053840404292748   0.000378946284644
   0.687671232876712   0.071766069657224   0.054029780616956   0.000381880788612
   0.690410958904110   0.071946354990627   0.054218945309423   0.000384825502491
   0.693150684931507   0.072126438834953   0.054407898613748   0.000387780414132
   0.695890410958904   0.072306321422130   0.054596640773253   0.000390745511402
   0.698630136986301   0.072486002983817   0.054785172030976   0.000393720782178
   0.701369863013699   0.072665483751405   0.054973492629677   0.000396706214354
   0.704109589041096   0.072844763956021   0.055161602811836   0.000399701795839
   0.706849315068493   0.073023843828524   0.055349502819655   0.000402707514551
   0.709589041095890   0.073202723599507   0.055537192895055   0.000405723358428
   0.712328767123288   0.073381403499299   0.055724673279678   0.000408749315417
   0.715068493150685   0.073559883757962   0.055911944214890   0.000411785373483
   0.717808219178082   0.073738164605293   0.056099005941778   0.000414831520600
   0.720547945205479   0.073916246270826   0.056285858701150   0.000417887744761
   0.723287671232877   0.074094128983828   0.056472502733538   0.000420954033969
   0.726027397260274   0.074271812973305   0.056658938279196   0.000424030376243
   0.728767123287671   0.074449298467997   0.056845165578103   0.000427116759615
   0.731506849315068   0.074626585696380   0.057031184869959   0.000430213172131
   0.734246575342466   0.074803674886669   0.057216996394190   0.000433319601851
   0.736986301369863   0.074980566266815   0.057402600389946   0.000436436036848
   0.739726027397260   0.075157260064507   0.057587997096099   0.000439562465209
   0.742465753424657   0.075333756507169   0.057773186751250   0.000442698875035
   0.745205479452055   0.075510055821967   0.057958169593722   0.000445845254441
   0.747945205479452   0.075686158235804   0.058142945861564   0.000449001591555
   0.750684931506849   0.075862063975319   0.058327515792551   0.000452167874520
   0.753424657534247   0.076037773266894   0.058511879624186   0.000455344091491
   0.756164383561644   0.076213286336647   0.058696037593695   0.000458530230637
   0.758904109589041   0.076388603410437   0.058879989938033   0.000461726280142
   0.761643835616438   0.076563724713864   0.059063736893881   0.000464932228202
   0.764383561643836   0.076738650472265   0.059247278697649   0.000468148063027
   0.767123287671233   0.076913380910720   0.059430615585473   0.000471373772842
   0.769863013698630   0.077087916254050   0.059613747793218   0.000474609345883
   0.772602739726027   0.077262256726814   0.059796675556476   0.000477854770401
   0.775342465753425   0.077436402553315   0.059979399110568   0.000481110034662
   0.778082191780822   0.077610353957597   0.060161918690546   0.000484375126943
   0.780821917808219   0.077784111163447   0.060344234531189   0.000487650035535
   0.783561643835616   0.077957674394391   0.060526346867005   0.000490934748745
   0.786301369863014   0.078131043873701   0.060708255932235   0.000494229254890
   0.789041095890411   0.078304219824389   0.060889961960846   0.000497533542302
   0.791780821917808   0.078477202469213   0.061071465186540   0.000500847599327
   0.794520547945206   0.078649992030673   0.061252765842747   0.000504171414324
   0.797260273972603   0.078822588731011   0.061433864162627   0.000507504975665
   0.800000000000000   0.078994992792215   0.061614760379074   0.000510848271735
   0.802739726027397   0.079167204436018   0.061795454724714   0.000514201290935
   0.805479452054795   0.079339223883896   0.061975947431902   0.000517564021676
   0.808219178082192   0.079511051357070   0.062156238732728   0.000520936452384
   0.810958904109589   0.079682687076506   0.062336328859013   0.000524318571499
   0.813698630136986   0.079854131262917   0.062516218042313   0.000527710367473
   0.816438356164384   0.080025384136760   0.062695906513915   0.000531111828772
   0.819178082191781   0.080196445918240   0.062875394504842   0.000534522943874
   0.821917808219178   0.080367316827305   0.063054682245848   0.000537943701273
   0.824657534246575   0.080537997083654   0.063233769967423   0.000541374089475
   0.827397260273973   0.080708486906729   0.063412657899791   0.000544814096997
   0.830136986301370   0.080878786515721   0.063591346272912   0.000548263712372
   0.832876712328767   0.081048896129570   0.063769835316479   0.000551722924146
   0.835616438356164   0.081218815966961   0.063948125259922   0.000555191720878
   0.838356164383562   0.081388546246328   0.064126216332406   0.000558670091138
   0.841095890410959   0.081558087185854   0.064304108762833   0.000562158023512
   0.843835616438356   0.081727439003471   0.064481802779839   0.000565655506599
   0.846575342465753   0.081896601916859   0.064659298611800   0.000569162529008
   0.849315068493151   0.082065576143448   0.064836596486825   0.000572679079366
   0.852054794520548   0.082234361900416   0.065013696632765   0.000576205146309
   0.854794520547945   0.082402959404692   0.065190599277203   0.000579740718488
   0.857534246575342   0.082571368872956   0.065367304647465   0.000583285784566
   0.860273972602740   0.082739590521638   0.065543812970612   0.000586840333221
   0.863013698630137   0.082907624566916   0.065720124473444   0.000590404353142
   0.865753424657534   0.083075471224723   0.065896239382501   0.000593977833032
   0.868493150684931   0.083243130710741   0.066072157924060   0.000597560761608
   0.871232876712329   0.083410603240403   0.066247880324140   0.000601153127597
   0.873972602739726   0.083577889028896   0.066423406808496   0.000604754919742
   0.876712328767123   0.083744988291157   0.066598737602627   0.000608366126797
   0.879452054794521   0.083911901241877   0.066773872931769   0.000611986737531
   0.882191780821918   0.084078628095499   0.066948813020900   0.000615616740725
   0.884931506849315   0.084245169066219   0.067123558094739   0.000619256125171
   0.887671232876712   0.084411524367986   0.067298108377747   0.000622904879677
   0.890410958904110   0.084577694214503   0.067472464094123   0.000626562993063
   0.893150684931507   0.084743678819226   0.067646625467812   0.000630230454160
   0.895890410958904   0.084909478395367   0.067820592722497   0.000633907251814
   0.898630136986301   0.085075093155891   0.067994366081608   0.000637593374883
   0.901369863013699   0.085240523313516   0.068167945768313   0.000641288812239
   0.904109589041096   0.085405769080719   0.068341332005525   0.000644993552764
   0.906849315068493   0.085570830669729   0.068514525015901   0.000648707585356
   0.909589041095890   0.085735708292532   0.068687525021841   0.000652430898925
   0.912328767123288   0.085900402160869   0.068860332245487   0.000656163482392
   0.915068493150685   0.086064912486238   0.069032946908728   0.000659905324692
   0.917808219178082   0.086229239479893   0.069205369233196   0.000663656414774
   0.920547945205479   0.086393383352844   0.069377599440267   0.000667416741597
   0.923287671232877   0.086557344315858   0.069549637751063   0.000671186294136
   0.926027397260274   0.086721122579461   0.069721484386451   0.000674965061375
   0.928767123287671   0.086884718353934   0.069893139567043   0.000678753032315
   0.931506849315068   0.087048131849318   0.070064603513199   0.000682550195965
   0.934246575342466   0.087211363275410   0.070235876445022   0.000686356541350
   0.936986301369863   0.087374412841766   0.070406958582363   0.000690172057508
   0.939726027397260   0.087537280757703   0.070577850144822   0.000693996733486
   0.942465753424658   0.087699967232293   0.070748551351741   0.000697830558347
   0.945205479452055   0.087862472474369   0.070919062422215   0.000701673521166
   0.947945205479452   0.088024796692524   0.071089383575081   0.000705525611029
   0.950684931506849   0.088186940095110   0.071259515028929   0.000709386817037
   0.953424657534247   0.088348902890240   0.071429457002095   0.000713257128302
   0.956164383561644   0.088510685285784   0.071599209712661   0.000717136533949
   0.958904109589041   0.088672287489378   0.071768773378463   0.000721025023114
   0.961643835616438   0.088833709708414   0.071938148217081   0.000724922584948
   0.964383561643836   0.088994952150047   0.072107334445849   0.000728829208614
   0.967123287671233   0.089156015021194   0.072276332281846   0.000732744883286
   0.969863013698630   0.089316898528532   0.072445141941905   0.000736669598151
   0.972602739726027   0.089477602878501   0.072613763642607   0.000740603342410
   0.975342465753425   0.089638128277304   0.072782197600284   0.000744546105275
   0.978082191780822   0.089798474930904   0.072950444031018   0.000748497875971
   0.980821917808219   0.089958643045030   0.073118503150645   0.000752458643734
   0.983561643835616   0.090118632825171   0.073286375174748   0.000756428397815
   0.986301369863014   0.090278444476581   0.073454060318664   0.000760407127475
   0.989041095890411   0.090438078204277   0.073621558797484   0.000764394821989
   0.991780821917808   0.090597534213040   0.073788870826048   0.000768391470643
   0.994520547945206   0.090756812707415   0.073955996618949   0.000772397062737
   0.997260273972603   0.090915913891712   0.074122936390534   0.000776411587582
   1.000000000000000   0.091074837970005   0.074289690354903   0.000780435034501
